3.669707647377212112e+00,3.368635619427995387e+00,1.474290329083680851e+00,-7.818105754193306334e-01,-1.238642582544280168e+00,-2.039645523393602833e+00,-2.574973413689384927e+00,-1.326240189067151576e-02,2.441129977070014334e+00,7.856271465131920984e-01,1.282343678748999460e-01,-1.235350580889948757e+00,-7.624574338694111164e-01,6.841908830798830721e-01,9.820771634494538382e-01,-6.314364056880339415e-01,2.916105241926134628e-01,1.630025434199920298e+00,2.577437029170595029e-01,1.602517814346261726e+00,2.272185604964255035e+00,-5.487383728703369989e-01,-2.693543173078103869e+00,3.467996972707323433e-01,-1.748434528159191093e+00,-2.444827102024607512e+00,3.172158949848142839e-01,-1.468702714058903180e-01,-1.117521671223355995e+00,-2.658863893052845651e+00,-4.382026971856145536e+00,-5.213002105254272323e+00,-2.573672088978813832e+00,5.437940771897162850e-01,-3.547160504405671988e-01,1.458398544977704381e+00,1.309139224327927620e-01,1.206722236830998662e+00,-5.623933426501989130e-01,-1.671538784718845205e+00,1.777604273550330571e+00,2.766108075831472668e+00,-2.006925432453701141e-01,-6.992374338586160309e-01,-1.339391617953948899e+00,8.062567642358642317e-01,6.029646912844496276e-01,-5.795942835046903330e-01,-1.221585658441280309e+00,-3.754661918272193422e+00,-3.047535556398163870e+00,-2.569651245349547253e+00,-1.271092370935898774e+00,1.673413474067027007e-01,2.024195802018522006e+00,1.736609058879695855e+00,1.954946516285374969e+00,-1.252519177943287598e-01,3.865244158866015800e-01,-5.566600803433716660e-01,-1.236252397079377618e-01,-5.891105135124818926e-01,-3.384687134408304043e-01,-1.146038417710229629e+00,-3.522703939765356118e+00,-1.253700646533052243e+00,-1.758657707602063969e+00,-1.962940687335307022e+00,-1.960340638812747560e+00,-1.998007378033217485e-01,2.708211111843258911e-01,3.483648717892295354e-01,-2.794273953988574699e-01,1.377370491674147379e+00,7.914207883685353551e-01,1.326046806105516396e-01,2.437504082192195887e-01,5.726218682112371727e-02,-2.609271331445586761e-01,-8.341078308860971902e-01,-1.247155382832080051e+00,-4.178159277507431657e-01,-9.187018976927847635e-01,-5.143686088293335512e-01,-9.175891547136791893e-01,-2.097790033488379891e+00,-1.295526551273164184e+00,-2.148345611774082897e+00,-1.028672171949687630e+00,-1.532150733862920333e+00,-7.857124949014214765e-01,-7.064408541303446309e-01,-5.335832121527697147e-01,-1.455989771956256229e+00,-1.527039395300545888e+00,-1.803212456487815141e+00,-9.294946600462040687e-01,-2.494909635665590208e+00,-1.599378242606142031e-01,3.232995926840260381e+00,-4.069108926196518539e-02,-1.234341801666543947e+00,-1.813798329010818611e+00,-1.264384671139342053e+00,-1.298543726045910063e+00,-1.059058049845240435e+00,8.161755865739986904e-01,-8.386564685070334590e-01,-8.947468142301671090e-01,-3.921851580555540950e-01,-3.736554597994123927e-01,-6.850414865990752666e-01,-1.206140270381180990e+00,-1.351684896391625701e+00,-1.251023222826333603e+00,-9.563731868263600777e-01,-5.349323234485490186e-01,1.224225183891192170e-02,1.170535992695814986e+00,1.082368958926062108e-01,3.137308868274544804e-01,7.370824760887592086e-01,9.177010122607374143e-01,7.009427697605072893e-01,1.451809152460449059e+00,9.604203058140369231e-01,9.631640976604421978e-01,-2.133260797352776184e-02,-6.938332847822195615e-02,-1.038184898419865831e+00,-8.550427193203798959e-01,-1.136383423630231038e+00,-1.175975975883106317e+00,-2.785268723126931301e-01,-1.608687210363094700e+00,3.953547741686969097e-02,-2.531923671662932307e-01,2.746367564513763515e+00,2.289404793368407187e+00,-1.165997921677519367e+00,-2.010674509467180737e+00,-2.437002459100943597e+00,-2.562606830070754071e+00,-1.882015962896238070e+00,1.389781045067505438e+00,1.035604880235257541e+00,4.175688808213342540e-01,-7.958762586613308265e-01,6.066777459349526058e-01,-8.614090011791518675e-01,8.724837328176135998e-01,2.745371658087187861e+00,5.867000832342345040e-01,-5.545451176722329123e-01,-2.796277651871436731e+00,-7.260048300777389718e-01,3.742044670883047375e-01,3.806392216197110323e-01,-5.045177843303559895e-01,1.412184373600007037e+00,1.038824729234356425e+00,1.851881875606931072e-02,-1.054658974840356311e+00,-9.486112358820700807e-01,-1.721070211671011263e+00,1.103229109252430007e+00,3.046448215544781846e+00,1.713818268906853959e+00,5.622537437966459439e-01,1.643564337072984383e-01,-9.879405708003590192e-01,2.695449610225764472e-02,2.005710778071594369e+00,1.660692398616989029e+00,-1.212399294545630557e+00,5.239520845588918618e-01,-4.699404023003872943e+00,4.954914222566660698e+00,-3.973773239791426271e+00,-1.206606298528089816e-01,-3.320064293088273111e+00,2.567356745644814975e+00,7.750487217382992511e-02,-9.530999215978783745e-01,-1.562830527528136892e+00,3.880269677061291667e+00,-1.251448679193407854e+00,-2.511331907277832287e-01,4.718139688829344536e+00,9.041370973131288569e-01,2.620353042991002912e+00,1.343380185175836905e+00,-1.981774325230395428e+00,-3.806877950928215792e+00,-6.248420521803200733e-01,-2.075522162058252906e+00,4.315312948223667178e+00,-2.029392258629318935e+00,1.120974475299508999e+00,9.964543696670457029e-01,9.318577834330758758e-02,-9.527392961660985371e-01,1.727502960839884638e+00,1.529753708154844016e+00,4.613273238783105690e+00,3.700787675213211614e+00,-2.191328308801689384e-01,-9.411234380336478411e-01,-5.283569343558532694e+00,1.729332014545079677e+00,2.806175911177591353e-01,4.246704865595256173e+00,-1.928374239978971172e+00,-1.730927909336212878e+00,3.894258839012047613e+00,-1.849909579474977583e+00,-2.507594919607710970e+00,8.548348009765959432e+00,-1.341601868971275868e+00,-1.044907137123798346e+00,4.276084024868062272e+00,-2.456184980073778501e+00,3.394374086389571943e+00,1.316887335042812524e+00,-4.485699797231456287e+00,-5.527075103727998595e-01,1.191847722988327529e+00,-5.763733768430726601e-01,1.453416469520317673e-02,-1.169155987196575319e+00,2.590731926171752519e+00,-1.138158892052347104e+00,2.006551486385490524e+00,1.080434051097517001e+00,-1.337879762359548863e+00,-1.928817094664161846e+00,-3.003205380689355150e-02,-1.960298778112118112e-01,2.220500373963247842e+00,-7.233156987836655283e-01,-2.492064178072381231e-01,1.060501187689416813e+00,9.015395120877620627e-01,-5.740069499132651742e-01,-1.319575675047938157e+00,-1.469536036100696386e+00,2.042952634666517220e-02,-3.347080472045396021e-02,1.267462475486843099e+00,6.722751094360125412e-01,3.162135442743861935e-01,-2.241645635951222459e+00,-1.186382673836483992e+00,-2.709086489290894129e+00,-2.506238544604321383e+00,-7.554989736626046559e-01,1.025952476682359116e+00,9.563962745454582803e-01,-1.668456369663861238e+00,-1.723301803758397810e+00,-3.115451053539035176e+00,-7.762667827767500972e-01,2.037953374775254289e+00,-1.022338946320019648e+00,-1.076350067034780977e+00,6.328173360164552896e-01,4.975793082084436492e+00,1.794085159081981740e+00,2.980606532332650715e+00,1.649977901143549808e+00,3.816790433514361869e+00,3.028740796410906988e+00,2.753687887374160148e+00,1.134418143390550471e+00,8.821681959840143028e-01,7.985135035424868466e-01,1.087893437451857848e+00,1.317652237072673760e+00,2.538089519186564225e+00,1.966966918781162477e+00,1.151110780741916084e+00,1.444224298840779408e-01,7.675898386857601952e-03,2.741741666132648803e-01,3.603188313007466004e-01,6.297380047265587200e-01,9.212929703619138211e-02,-4.217445098969813122e-01,-6.249455394352498860e-01,-1.907546627950613694e-01,1.397552546293794773e+00,6.536806320316654872e-01,1.052455140007198531e-01,-5.474333469374020877e-02,4.726358535251880960e-02,3.778743319945924162e-01,2.498524708006295114e+00,2.029987165352989287e+00,1.506272314742956864e+00,1.944497233321249574e+00,1.266858703803938058e+00,2.628758538560273639e+00,-4.186623160342178629e+00,9.036364197558862665e-01,5.846729425949415138e-01,3.058124396645904852e-01,1.459285117373754437e+00,9.722634947905647307e-01,5.117815226267724560e-01,-8.528496223776216301e-02,9.755110331352556674e-02,4.577912170082301113e-01,-1.606716692543617597e+00,-3.284294778731499775e+00,-3.212384375776383472e+00,-2.980700138237865282e+00,-2.325452915991683689e+00,-1.880023724339755731e+00,-2.274165469899480652e-02,2.781641235753430585e+00,1.845613708383562201e+00,-2.124746039791960417e-01,-1.445277659819536320e-01,7.700437522364896870e-01,1.616224588713986554e+00,1.634766047940837463e+00,-1.482439348693205039e+00,-4.045500020351585624e-01,-4.147415722709029140e-01,7.245311986286179229e-01,-2.563438949726907778e-01,3.662909714023894203e+00,2.067483629850204618e+00,1.918917279790903319e+00,-8.057903391452470032e-02,-6.416564613149442486e-01,-6.215326886005976270e-01,-8.909333995907718906e-01,-6.514086605695098564e-01,6.254793522206709699e-01,-5.662262405306537350e-01,3.362184038748525783e-01,-8.996453753897085681e-01,-3.313432221941121636e-01,1.126357895987028623e+00,1.109156797495213009e+00,-1.142109778113507002e-01,-4.259694278219582908e-01,1.099839635744787714e+00,1.989547776650435251e+00,-7.518491647342172568e-01,1.923358602332475353e+00,-7.682840225349916174e-01,-8.335825115502923932e-01,-1.368359876084267457e+00,5.539816446299089536e-01,2.195145490759976337e+00,-7.918231754083580043e-01,-8.111564068696508478e-02,-1.365681309460910153e+00,-1.730521598323083721e+00,-1.405645361228255119e+00,1.158470355922691652e-02,2.422612531867910590e+00,1.797874446267221593e+00,-6.740916393345068869e-01,-4.347465698479443530e-01,9.283494954779136776e-01,-1.514755095503981019e+00,4.731111952035372825e-01,-4.388598515756524931e-01,1.021673990553062294e+00,-9.739866086155092306e-01,-2.836621147127250886e+00,-2.191642479168299573e+00,7.224685788902973638e-01,1.804675807557455602e+00,1.076621502182008916e+00,1.090496903143643337e+00,-7.053912500763368509e-01,1.137340224734655791e+00,-1.064072422812861740e-01,-1.048330090267592052e+00,-1.095804753350006155e+00,-1.537684088450626430e+00,8.503288313258279274e-01,-5.180654067575457544e-02,1.171238612818696234e+00,1.655077399694312668e+00,3.197275045315175923e+00,3.385505151768255949e+00,1.754542374390968940e+00,2.668352890674097200e-01,-1.252694062739369674e+00,-8.098656006114923755e-03,1.548346693132994112e+00,-4.885157929508818775e-01,1.808392837634266614e+00,1.383226113857655815e+00,1.870006222737723434e+00,-1.565387774517696950e+00,-5.061246436742955490e-01,-2.713007338907762911e+00,-2.882575681541542423e+00,-6.327486640256335670e-01,-1.793400416555843258e+00,-3.601163388630645557e+00,-2.229122930098918154e+00,-3.246285094819373551e+00,-7.510983064253514696e-01,-1.546703257439123735e-01,-1.422348381199766809e+00,-1.513174157206365944e+00,-1.760357039325067596e+00,-9.482835385999829336e-01,-2.484576393881288592e+00,-2.015175536454769656e+00,-2.087854549357340161e+00,-6.065015870110503915e-01,-7.848298178032888650e-01,-2.243030981893171294e+00,-1.476015330767337375e+00,1.633241215750493858e-01,-9.616709361681952117e-01,1.122336819725471502e+00,1.896647668262213315e+00,-5.110128645562999061e-01,-6.969824107836796179e-01,1.195766558483908337e-01,7.219042463847880065e-01,1.104007384051606477e+00,1.889278361070250711e-01,-3.169435856282015962e+00,-8.947097851082178588e-01,-1.699567774762937855e-01,2.408873282128221049e+00,8.516651369438621444e-02,1.574237325475041027e+00,-1.607995161829908426e+00,6.514546693186067383e-01,-1.966915823815944542e+00,-1.535576688064052897e+00,-1.167635055250658027e+00,-1.989107309449303251e+00,1.902881782530750243e+00,2.207273205100246827e+00,3.684258703368946009e+00,2.806985672630890161e+00,6.498374636835660967e-01,1.378504087559133395e-01,-2.048109539316961825e-01,-4.445678881754544509e-01,2.089603229535757500e-01,1.398941768551943410e+00,1.042088825087692738e+00,-4.717972243822582401e-01,5.742968391288540975e-01,1.126167564844863245e+00,9.086552613141198886e-01,2.976461201088688391e+00,8.252916104759119298e-01,1.488602640805634092e+00,3.795803450544548596e+00,2.463208146015628319e+00,1.215063610515438430e+00,7.201028163917611025e-02,3.214555690450617398e+00,8.613381930112413709e-01,-1.748419820364056410e+00,-2.193075027162661783e+00,1.695956541097216608e-01,1.346055686276162788e+00,1.157869335711512848e+00,1.338575222163072009e+00,1.395925193218464422e+00,1.403144664043360468e+00,7.476668277903550930e-01,1.540483743318524557e+00,1.530410538212205296e+00,4.228703682777573469e+00,2.049142448081926915e+00,-6.031561453511362636e-01,8.299123873117766337e-01,-3.828192023185335024e-01,-8.813644741873911670e-01,-3.220602237847444149e-01,-1.250028194549397398e-01,1.413124305189676355e-01,8.640388590679444203e-01,8.116210156405008203e-01,1.183830500528065599e+00,1.559797607542786402e+00,1.048146831210229779e+00,2.361687003110570338e+00,3.294647273967653334e+00,1.135107605147847476e+00,6.576373693611916593e-01,2.763081773867446689e+00,2.156882237304624361e+00,1.755010581622331589e+00,1.203302824806898208e+00,4.537086492772351987e-01,-2.392211416861408146e+00,-1.473050494424411827e+00,1.325069931434394332e+00,4.079118217310520933e+00,3.368316307315502023e-01,2.552554440626851329e-01,1.113714037021355185e+00,5.901643868241427393e-01,5.904481179936112989e-01,1.179666580211140348e+00,2.091002809579172617e+00,1.274462169272114309e+00,2.796246035407083941e+00,-5.033960440841478423e-02,-1.840732143898847539e+00,-1.533469048890795161e+00,-4.138506564618994465e-01,2.140106910475527147e-01,3.039429057947437562e-01,-6.094161031499645276e-01,3.934634491267939849e-01,1.178905882130310001e+00,3.004117341882491243e-01,5.552001663326321390e-01,-8.382995281286707012e-01,-1.007099013328573323e+00,-8.018931571684582149e-01,-7.056488424980376095e-01,-1.234711108354808129e+00,-2.209994229404282251e+00,-7.358388916560620885e-01,3.676114604296546462e-01,3.225419091819651030e+00,2.423057240570956061e-01,-8.381017307389659887e-03,-3.371941144997514517e-01,-1.826563694779123059e-01,3.178609237276185384e-01,5.537051166941113767e-01,-3.418294666984837971e-01,-1.305272175410048252e+00,-2.309774325376702908e+00,-1.284179937962115492e+00,3.250422451453256478e+00,2.569021116762388868e+00,2.867438765572504877e+00,9.869116886873174899e-02,-1.992998457681530500e+00,-2.319621485430960028e+00,-1.613072896409902368e+00,-1.033798763175888036e+00,-1.014466871202828413e+00,8.624063561720750615e-01,-2.588387458498691451e+00,-1.925038865722721315e+00,-4.768332395618974928e+00,-2.885086767077090109e+00,-4.382295738621564407e-01,8.372873558403907124e-01,4.284107121068208013e-01,1.145240757852598268e+00,-8.452684385633093544e-01,-7.881942810408884004e-01,-1.843802250080897931e+00,5.961724796853107300e-01,-3.966337910254299493e-01,7.344173972769210135e-01,-1.493319823526320089e-01,4.836960356982887177e+00,4.275926587369314191e+00,2.423880787351120780e+00,6.622336365558217919e-01,-2.843212277684373124e+00,6.871563194635139649e-01,-2.981588915362547443e-01,-2.965071173011033956e+00,-1.399929088240578823e+00,-2.980192541033145126e+00,-1.839571372442731167e+00,-1.354016150631126569e+00,9.561835310361876950e-02,5.291177506557467880e-02,3.188883506536462353e-01,-1.902712904452663056e-01,-3.401280419165673141e-01,-6.194009722936811846e-01,-2.404510378455156250e+00,-2.713634956567180456e+00,-2.705609347676784182e+00,-2.395294195382147606e+00,-1.906832177211987389e+00,-1.949388891882067876e+00,-2.584289430091160078e+00,-2.756900234247793513e+00,-2.300714352082919412e+00,-9.317582821861135622e-01,-1.347154237138523669e+00,-1.010043087643125226e+00,2.286914303690840145e-01,-1.033844740156573794e+00,1.240508465417056616e+00,2.692664837598803373e+00,2.280110064334161635e+00,-1.403798669178855096e+00,-1.681880268242255116e-01,-8.366492998142085469e-01,3.257146367228834993e+00,1.185466880863268235e+00
5.012889346582940497e-01,1.622308996160392480e+00,6.490821862131241904e-01,4.024664780260184926e+00,-2.271846121937711516e+00,-1.049661355892881787e+00,-1.452736427538213970e+00,-3.547690066122543007e-01,5.083874394508152150e-01,-3.219440512311184666e+00,-1.240667394016702119e+00,1.261420892240977754e+00,2.669607735213311184e+00,-2.469615577141616392e+00,2.065539418416350248e+00,-1.410546218743902180e+00,1.004057669107226713e+00,1.769055763027253647e+00,-1.774408311905527391e+00,2.571399085020368513e+00,1.633738313702181255e+00,-2.324958523854609993e+00,-5.502978099516453447e-01,-2.102683547262510277e+00,1.228775334631253102e+00,3.772956477546420828e+00,1.942367938752093570e+00,2.485025675778572474e+00,8.795052915800769533e-01,1.167129250014750541e+00,5.221595776670048261e-01,1.693729628134546417e+00,-2.144309488212777115e+00,-1.842958805322746640e-01,-3.566396928816234269e+00,-3.613950577052720270e+00,6.078188398188868469e-01,-1.949328748702096714e+00,3.655625600840506362e+00,2.728787151330478888e+00,2.187228387717309097e+00,-3.598155646235055904e+00,2.421776232094615400e-01,1.741304683227252070e+00,1.240697584159041522e+00,1.806673371109650095e+00,-6.686657451632135318e-01,3.392075555621217320e-01,3.677165524133709784e+00,1.088340613163454734e-01,2.033488252306608679e+00,1.383637945877797870e+00,6.395905705221838211e-01,4.964912192903724986e+00,-5.314160713274697079e-01,-1.998406470624202180e-01,-2.924957260226186406e+00,-5.988733155895814564e-01,3.530687017437066810e+00,-4.532806188011067938e+00,1.609953805322616782e+00,1.472931841612075132e+00,9.900347571352762222e-01,-2.288251759131214147e+00,-5.782937637037922629e-01,-1.643805548446314102e+00,6.075802980452270630e-01,3.775153877615518461e+00,-2.486790790238794457e+00,-7.361522999813980839e-01,2.490680641259484407e+00,-2.455244035614341236e+00,3.950741610444369889e-01,-6.159696280966456827e-01,1.412620270386236165e-01,4.351432282383625783e+00,2.844436617500417430e+00,-1.926450656918708981e-01,1.196155180597527234e+00,-5.460563447471956877e+00,-2.641860340024432818e-01,4.650257969503972966e+00,-1.380563547309563877e+00,1.745586756799345274e+00,9.809913554721439999e-01,-1.530325112134928389e+00,-1.495603112710035765e+00,-4.789679369632463546e-01,2.264083392540125750e-01,6.010872888936623637e-01,3.134674329476789811e-01,1.237026022141924475e+00,2.490779957472365691e+00,-1.288777882576957357e+00,1.337758566653730830e+00,1.606319858124400035e+00,4.806892792024312300e+00,-3.064354501746130666e+00,-3.361564596873656274e-01,3.035202455630260143e+00,-1.644945030604884728e+00,1.125832745820513958e+00,5.487898396380220589e+00,-3.467715256862984763e+00,1.641200456327518209e+00,-3.535632649893461488e-01,-1.903253864252378413e+00,6.341667616505089811e+00,-5.469998382386910052e+00,5.819096476990008870e-01,-2.117462657025445782e+00,-1.367054943969648662e+00,-7.619377871686741077e-01,-1.221894498852634570e+00,-1.283174672302125563e+00,-8.513377945015354609e-01,-9.043321595733742058e-01,-4.978306646394450308e-01,-1.567405507037846979e+00,-1.616977815614767167e+00,-2.565037995018088601e+00,-2.669469605037054993e+00,-2.512883942194537479e+00,-2.482555556437769262e+00,-3.009726941764275132e+00,-2.345188362353261891e+00,-1.274462126908166404e+00,-5.904921123983724041e-01,5.205474758464563312e-01,5.252579591784988233e-01,-3.855208194813915523e-01,1.500320449862067251e+00,1.274337148276054155e+00,1.210090001335958343e+00,1.211526307578050687e+00,6.862868850749954674e-01,-2.021473247340486168e-01,7.099895144799241997e-01,1.116181568388375567e+00,8.726406082377541340e-01,8.206283692209983549e-01,1.717785768824895198e+00,8.153882328012941327e-01,4.195862751671095570e-01,3.392798928502624434e-01,-6.521824109225892174e-01,-8.250710327916872533e-01,-4.184397875647792309e-01,-5.874011534616635499e-01,-3.794527273955462521e-01,-3.744342278535396917e-01,-8.516305153992076438e-01,-1.893559055857595208e+00,-1.596919816092451594e+00,-1.117617535301484111e+00,-1.148528799959307012e+00,-1.120348496024162088e+00,-1.112972001165006386e+00,-6.820158590271020449e-01,-1.855759797572109626e-02,1.197621238338605343e+00,7.884832980637981326e-01,-1.465152233717543773e-01,6.429679468712737878e-01,-1.981115868721662343e-01,1.585340514203565365e-01,1.289616064287640418e+00,1.193604063435913520e+00,1.212214876696560362e+00,1.984096941714857953e+00,9.155507964324751669e-01,-1.591813630077951736e-01,-8.434895757696350693e-02,-1.059686583820577122e+00,-5.067179802254617726e-02,-1.311809949301450340e+00,-6.965132075746425233e-01,-1.216790984608073334e+00,-9.920693271912358613e-01,-1.063940150925390737e+00,-7.127689640523393599e-01,-1.683882249670068942e-01,2.325862278454564613e-01,4.649180839902384843e-01,8.563835206030551150e-02,2.455720612723798491e-01,-4.786353353164835012e-01,-6.267318377652955075e-01,1.090715767719262486e-01,-1.431591094203836789e-01,-9.601911873369046724e-01,-6.057473033031719467e-01,9.191709758936839059e-02,-1.354931539674438246e-01,1.276619005850111455e+00,1.984984696046043773e-01,2.903183168800065328e-01,1.380040691305471467e+00,2.133388599445286360e+00,1.080842873031832685e+00,1.033722255166982462e+00,2.162743102592112443e+00,2.641072226455769112e+00,2.434124322334261237e+00,2.428918132447512424e+00,2.241060052619250786e+00,3.094608734285415608e+00,3.572161173201816808e+00,2.337656735140806852e+00,3.059647865323991578e+00,1.192021105564301298e+00,1.533204205167372880e+00,2.946574953528715568e-01,6.202907116917580344e-02,1.785433843208514837e-01,4.983976687751957568e-01,4.687140427466709447e-01,7.033971298374555037e-01,1.289971358438661175e+00,1.121092648824955740e+00,1.364024165721761994e+00,1.286080056370734637e+00,1.953873142659301232e+00,1.400880636676261837e+00,1.742222937549424255e+00,1.065217324099124063e+00,1.180289927032132979e+00,2.143158513050936964e+00,2.600185245745668450e+00,2.365888007609191490e+00,2.733104664431452946e+00,1.774315913049359983e+00,2.348512714572798643e+00,1.552528915146873523e-01,1.040822201319497320e-01,5.389675523133592439e-01,8.032497530598757818e-01,4.460634527093431112e-01,1.354765399164594153e-01,3.160714235068840527e-01,1.756309631035840590e+00,1.411469194822738027e+00,1.391162194542453712e+00,3.603776799784018658e-01,-1.207658097189847179e+00,-2.599918899414247253e+00,-1.675694567374486521e+00,-1.654211794955613657e+00,-1.681807851633042583e+00,-2.079650198852468712e+00,-9.289289268635620989e-01,-9.113006050945882119e-01,8.338107063103359362e-01,1.056401314530296176e+00,1.302219950705394202e+00,1.921448556560012566e+00,2.163482102675740038e-02,3.880404212296856281e-01,3.306218673563576793e-01,8.254226327817745790e-02,2.613011381982148773e-01,8.044270178556989226e-01,2.353803415378185604e-01,-3.773264001306960713e-01,8.512066662715946919e-01,1.126624520510271843e+00,9.192462964179388685e-01,5.801146161388710532e-01,-3.774346571983112630e-01,5.629550494198655164e-01,6.072618162890792703e-01,8.583785636674875485e-01,7.161827872753723234e-01,1.753225877099471086e+00,6.192804896947201598e-02,5.525520855548154975e-01,8.183859157797576112e-01,5.028970984413999590e-01,-3.066626118690324310e-01,-8.276484090878323263e-01,-9.870178243531977369e-01,-5.962719971647689743e-01,9.609192764625262839e-02,-2.661460517695870553e-01,9.274348793058955209e-01,2.794322688397338883e+00,1.950154010241217373e+00,1.714356360516659405e+00,2.265974745568009929e+00,1.759110766461373432e+00,1.603864665670899026e+00,1.087148319983707312e+00,-2.517759185682804102e-01,3.139360593323758941e-02,8.395903656863036302e-01,4.858475429361550635e-01,6.546388783748158247e-01,3.312213702104671587e-02,-7.708261137154764908e-01,5.470488789344480907e-01,-6.861522131605668484e-02,2.270647392644267459e-01,1.182222561978435449e-01,1.547049855978242794e-01,-5.222647374753194294e-01,6.614378049150646532e-01,8.007495807079461070e-01,1.733885649870567480e+00,2.119126191704182816e+00,2.086873603908196095e+00,1.950964753587319578e+00,1.265579493228142560e+00,-2.762902746803050924e-01,-5.979680335107075972e-01,3.648347611652690281e-01,-6.142801786901658234e-02,7.331788303639044102e-01,6.676366200171250931e-01,2.026650124834411315e+00,1.766186131380624857e+00,2.230206995361166733e+00,2.626740923758155155e+00,1.617296726694780862e+00,1.148311614462830033e+00,9.940384384539544538e-01,7.163207178219543891e-01,-1.136417452130425998e+00,-1.021920802504668879e+00,-5.248824673353358339e-01,-2.371476886056496647e-01,8.292685334979449374e-01,7.750747882488453477e-01,1.234784740963026928e-01,-2.174769166705891266e+00,-1.740605376606743970e+00,-1.858211147277422093e-02,3.097350448468718653e-01,1.647798918019884873e+00,1.217333442355607698e+00,8.287331794508412397e-01,1.458700861500362489e+00,1.372269870357601285e+00,6.982569075567216510e-01,9.834686566353485482e-01,1.538848993025932810e+00,2.140236023170430713e+00,1.651623534546443395e+00,2.914759155165005389e-01,-1.085325654174472243e+00,-1.756507338304307719e+00,-1.652625499822555577e+00,-9.403416142689919877e-01,2.610191269481946241e-01,4.313921817778908485e-01,7.362874909495343845e-01,1.066365329592158240e+00,4.746236291078749225e-01,5.024537194189326872e-01,4.587004305872949272e-01,8.411743812193264169e-01,-3.974952002577658572e-01,-1.281916392548220651e+00,-1.158664870132712910e+00,-1.977080512654886491e+00,-2.338051930332035067e+00,-2.377290944559260488e+00,-1.278034746728285764e+00,-1.613379799812756588e+00,-9.915903843000506424e-01,-7.159572860205664080e-01,-4.436449813537942655e-01,-6.148755363246609651e-01,-5.740750910977174826e-01,-1.405636312228258245e+00,-6.934831260821801013e-01,-3.240826242354321041e-01,1.837943128414682437e-01,4.492271696566239592e-01,1.799763055827897418e+00,3.924600685647368081e-01,2.911048211938425112e-01,1.354194265183191748e+00,-4.744035369334542729e-02,3.288132297661496839e-01,9.934765429114986168e-02,-4.380265497726064106e-01,1.256240417742586768e-01,9.984346950794488473e-02,-5.803570354303307921e-01,-6.797020366895023535e-02,-2.824621586522166328e-01,2.239662855838507327e-01,-3.978034438182440624e-01,5.701176390694351337e-02,-2.497865452044895351e-01,-5.366186776780450529e-01,-8.279609124872642223e-01,6.957337862362189540e-03,-2.420134135444674262e-01,5.075588511656867197e-02,3.756347433192028795e-01,-7.338748418721147138e-02,-5.130146424247088444e-01,2.711208841661078006e-02,-1.253286561615523320e+00,-1.927585503171798553e+00,-1.067643940230607713e+00,-1.024751633069397982e+00,1.419232948642363379e+00,-1.113532136021313512e+00,7.974652511339233030e-01,-7.567072540983823536e-01,2.659520756607328118e-01,3.770930820129557715e-01,1.980100670424820741e+00,-1.311756002683119871e+00,2.047940020738464817e+00,-2.078088422381146216e+00,3.811879862180991285e-01,-4.357689806962021795e-01,5.607787460796321843e-01,-1.155786236826968461e+00,8.144836748127883830e-01,-1.318660966010167357e+00,7.963806786148356354e-01,-2.023998198504666668e+00,1.263075259360580738e+00,-1.032459997593035084e+00,2.001075965723896566e+00,-8.870847848677014813e-01,2.435489806825555381e-01,3.922238466805963442e-02,-5.137943146756930313e-01,-2.011484752489498540e-01,3.294358633399747105e-01,-1.923716412663385444e+00,3.101933412058684780e+00,-3.147709010442471200e+00,2.473114025934408211e+00,-3.232639552129851879e+00,2.072159573581394465e+00,-4.023934323468973950e-01,-1.420637741800820919e+00,1.659368763796789992e+00,-2.072421702719477565e+00,6.939382452040177007e-02,-4.166778438272310536e-01,2.594913917103230938e-01,-5.127564432325533161e-01,1.513955637594313508e+00,1.702848294736434287e-01,-3.855849200900673956e-01,4.716581278160636437e-01,-3.369722507143622092e-01,-2.841431663413830910e-01,7.039359855041961156e-01,-1.834821170159746551e+00,1.290039684675697407e+00,-3.400154067188961848e-01,2.481816448618479887e-01,2.381840052945760622e-02,-1.584510962493107800e-01,-1.379569576312683343e-01,2.247628146625528789e-01,-2.294816985805881171e-01,8.122457322986048611e-01,-1.735253582591698152e-01,-2.804619569840758331e-01,3.681855560192758836e-01,-3.297604482270909410e-01,1.535191083207301022e+00,-1.575615413168250711e+00,9.793108268786245851e-01,-7.892221180526626245e-02,2.107641033331242753e+00,1.781911438048202179e+00,1.626094461054448992e+00,2.397998936022007754e+00,1.711254822495006600e+00,4.572170661887622778e+00,-4.453956977217404578e+00,3.051319163610337060e-01,-2.600213261609003457e+00,2.186806459101611200e+00,1.897958800989547834e+00,-1.512626581029113959e+00,-1.605171049607839517e+00,2.592401781552601814e-01,-8.931446586113010733e-02,2.876373230505198664e-01,-1.380627593065174130e+00,4.282962976055116222e+00,-5.868767033877353434e-01,9.632449359223034524e-03,3.241206669943531793e+00,2.788069811172510626e+00,-2.011266414587830731e+00,4.173400783339539011e+00,-2.317913938834379461e+00,3.069504285268553900e+00,4.515978715313553771e+00,2.228891523115678286e+00,6.188185067012338614e+00,-1.049422323843867355e+00,-2.061192291045485625e+00,-1.039143725493816728e+00,-2.688638771542533057e+00,-1.130550234086227457e+00,-2.369048402252698970e+00,6.679767798903732956e-01,-1.882259511610755887e+00,1.131352845537083152e+00,4.056539761122067489e+00,1.398699853203235532e+00,-2.084066853684667819e+00,9.898505316433717782e-01,-3.044144982817631462e+00,-1.440342277700033424e+00,6.100346073491258458e-01,-1.968828888435942837e+00,6.275068687289859781e+00,4.557981065165724210e+00,-4.456446072793929791e-01,5.361620546734272352e+00,4.353283823288625065e+00,4.619164399016827405e-01,5.176039290140060922e-01,-1.843394744141207076e+00,4.000776273300775898e+00,2.006546840553502520e+00,1.464992118085524098e+00,1.646796117176625662e+00,-7.452996168600471982e-01,1.108633868264497391e+00,-2.119586510752803576e+00,1.989047666477076870e+00,9.907880425150714654e-01,-1.789467290317143577e+00,-1.272224443984630859e+00,6.485539030161956431e-01,-2.771540981175396046e-01,1.299592668271681850e+00,7.268784637110561331e-01,1.105561781424792445e+00,5.200891823703623906e-01,-4.919843950634822383e-01,-5.282200069592124514e-01,-1.448985386600760483e+00,-9.285367514658229293e-01,-6.492399100133035006e-01,-6.897861395291543518e-02,-4.798137840697755396e-02,2.041718815093153783e+00,-4.906996809471237064e+00,2.954968657545999022e+00,4.627776624386226167e-01,-2.167852113343659237e+00,-1.531131600705617046e+00,9.359149508446078514e-01,9.209169625761717271e-01,1.258039033262367656e+00,-2.947025611985366389e+00,1.534409794177967745e+00,-3.746103293234844589e+00,2.632637556549790592e+00,-1.198911645053559426e-02,1.532723739507643401e+00,-1.315684977556658586e+00,3.956305463151720048e+00,3.353684548252487296e+00,9.689443489115672214e-01,1.017762518541845546e-01,2.933723873127977555e+00,-2.691154748738681768e+00,-2.262722558454700827e+00,-1.056206859485551153e+00,-1.640796907514547875e+00,-7.590981279755135702e-01,-5.164432092599051671e-01,-5.967549675340325654e-01,5.517998910190029527e-01,1.800068601731789064e-01,-6.433774384445256622e-01,-1.314607099189367467e+00,-1.164071627075347726e+00,6.994965518946839600e-01,2.545537598768267684e-01,1.792848195300839054e-02,2.186774452900105636e+00,2.682398367356781943e+00,1.730302254355791769e+00,1.560927096750944321e+00,9.659446919825236400e-01,1.258153907797665561e-02,7.561581842006314114e-01,5.445755397290549249e-01,1.285876899287059949e+00,1.823150095609853860e+00,8.827712514437828784e-01,1.376869471259372091e-01,1.384549996150630236e-01,-4.592341331966357520e-01,-2.599800426347442239e-01,-1.119603047773459203e-01,4.043588425184960755e-01,5.891475769870284651e-01,3.340687227788060043e-01,8.094851720903486481e-01,1.430667755178582468e+00,1.231779837473829353e+00
-9.314175515292644203e-01,-1.052778479570072978e+00,-5.696904688915690462e-01,1.066871438331009614e+00,8.271226529151690654e-01,7.248519626984932795e-01,2.095921556877995862e+00,1.313595593978835296e+00,9.649016010361405327e-01,4.508989616195823724e-01,4.610336364029570255e-01,6.541542133984796781e-01,1.087293154133841977e+00,6.336472838228428550e-01,5.486420574247214965e-01,6.967331639459466430e-01,1.054657414775052926e+00,4.250673081088608973e-01,1.030347470633148577e+00,7.447294606954834029e-01,4.982847390782385588e-01,4.701810433329060013e-01,-5.875618402573451471e-02,-7.620003082134023664e-01,-1.536644978808078488e+00,-1.117084740084695049e+00,-1.052527657006509187e+00,-6.194659282857896132e-01,-5.101201871658501696e-01,-6.745741609659363647e-01,1.926960040542973207e-01,4.608525548840468611e-01,5.291482525876880505e-01,7.952065840156781196e-01,9.245281801584550596e-01,1.173218972017692208e-01,-7.786547013073668033e-01,7.146195387360827489e-01,5.399231842251726032e-01,2.350890774096388025e-01,5.956983305414691454e-01,2.076577749263250006e+00,1.690696997063298568e+00,-1.633525098934522912e-01,7.609806621056766640e-02,6.775613936517562719e-01,-2.527818935100957232e-01,-1.295975664081413292e+00,-3.128484758593059745e+00,-2.629733747135342803e+00,-1.797993786528058413e+00,-1.084034590219984606e+00,6.447407415694617061e-02,4.150177595836948563e-01,-9.217279229292391074e-02,2.027310885148778108e-01,-4.343108774006964046e-01,-1.279206862327314953e+00,-1.622941136892782410e+00,-9.186637611210783927e-01,-3.901523141482248214e+00,-1.906571455505472246e+00,-1.405754733259195977e+00,-1.148072777194575789e+00,-2.313992564381139427e+00,3.683064925345469476e-02,-3.116351910549207127e-01,8.193723078688932571e-01,1.201218853934717057e+00,1.740240224451776951e+00,2.215945115905074481e+00,1.458373080258544841e+00,1.897316616948173440e+00,-2.299429280890743499e-01,-2.507581817988951967e-01,1.433114698369862383e+00,1.594044211551739476e-01,1.384628596295869318e+00,1.172279835680594351e+00,2.056185192616077351e-01,1.138114356353978840e+00,-6.786276585365812464e-01,-1.680950855575709557e+00,-1.269210353390074930e+00,-6.967038843599316911e-01,-1.129562813258610854e+00,-1.601520172356577287e+00,-1.330098283850451146e+00,-3.802573170125461699e-01,1.604205682501720132e+00,3.171975221363032560e-03,-1.777720481421125598e+00,-2.444682582271430205e-01,8.807367117060325157e-01,2.271311864341623021e+00,1.383691314946315920e+00,-6.880911886359171170e-01,2.233053650133338675e-01,-1.532754939744376710e+00,-9.214067120396484123e-01,4.553751533148281960e-01,-3.391648927230770383e-01,1.101600880767446555e-01,-3.751311964692857215e-01,3.342493083199318815e-02,1.194942917964925355e+00,3.908129567709649477e-01,8.907232073657280758e-01,-5.849874705386515217e-01,2.416503250609052245e+00,1.616401664540019212e+00,-9.692157409955395320e-01,-2.073363965980744350e+00,-2.554802777932121405e+00,-1.603157716426801382e+00,-1.385943719262971996e+00,-2.770213385241271808e+00,-1.381077051036201819e+00,2.013947056498824217e+00,-1.638860877192840793e+00,-2.199930192081890112e+00,-2.190527072202804959e+00,2.265480484590074450e-01,2.056525601681871152e+00,-7.375789589427110826e-01,-1.470658092950267060e+00,-5.744264394050848654e-01,-3.349072238265434098e+00,-1.201016141053882880e+00,1.441112245303601602e+00,1.344433628799464042e-01,-2.171605818612513672e-01,2.295976185179267937e+00,2.169841549965453531e+00,1.861913717842462290e+00,2.071342020816364649e+00,1.593894593921661773e+00,1.735372109549127018e+00,1.211606369848555520e+00,-1.220017753854628850e+00,-2.288007231329806324e+00,1.552224853263480142e+00,2.062089036184647561e+00,1.580634660384254264e+00,1.319253709204395886e+00,4.895343633176579834e-01,-1.639121034968670232e+00,-5.853842033276905887e+00,-5.251609896869984695e+00,-2.799364991816809312e+00,-2.698425698852172872e+00,-3.380485737929769030e+00,-2.625402533554250795e+00,-4.239120979622303054e+00,-3.506462527148458186e+00,-2.372035638715794814e+00,-3.021765913349828026e+00,2.338203652648846997e-01,3.623032409563115008e-01,-6.373131515323622320e-01,-2.920329462051146407e+00,-2.695296292529774540e+00,-2.046722098379130550e+00,-1.098566642815215433e+00,-1.584377388686475818e+00,1.011459379063843977e+00,9.961730844758130976e-01,-8.198528349131288806e-01,-4.269068107778847043e+00,-2.656118617648253188e+00,1.611681915008712940e+00,-2.976878782975747928e+00,-1.444566713081515186e+00,-3.771668703055971683e+00,-1.034100336254681451e+00,-2.313591561584735778e+00,-1.180460182061103813e+00,3.938809956422189007e-01,5.385832228115334797e-01,-2.281271705759563506e+00,3.403072959962576416e-01,-7.023826534078293493e-01,5.169401772174124776e-01,-9.345690797965285901e-01,6.188545078373399733e-01,-4.816840884056492467e-01,3.895501132196982130e+00,3.301379413236574578e+00,2.663168173782507253e+00,3.003117942179571287e+00,3.322677249126047450e+00,4.394823875238866862e-01,1.089193694371246801e+00,-2.178391466264741894e+00,-9.170588826232858315e-01,3.302228463508042888e-01,3.314603615137822201e-01,9.329435816495206257e-01,2.119747840921022863e+00,1.076695908072663910e+00,-6.973141849759562083e-01,1.203676877403195622e+00,6.882536576510590587e-01,5.772012400628615536e-01,8.307192852177588960e-02,-2.223585398129810375e+00,-4.307409866916233065e-01,4.603897402044307419e-01,1.376846504536645810e+00,4.059295723837518799e-01,1.271239345484485694e+00,9.119882594128186915e-01,1.917318547211371849e-02,-8.717626178186189678e-01,5.771742269369990463e-01,1.829910594287402770e+00,2.028762689036391009e+00,2.422556750144100768e+00,-8.498235061267318535e-01,-2.478742945871418857e-01,-7.224563948626622212e-01,-1.094419329198169422e+00,-2.793760411436326141e+00,-2.754156626442755940e+00,-6.473869333073899446e-01,-2.022516856801459539e+00,-1.755181685083870846e+00,-2.009520557745758662e+00,-9.942997599492474636e-01,2.187091088588615784e-01,-1.706971635499529905e+00,-5.084484591183990876e-01,-1.136123296415428641e+00,8.028464482054955553e-01,-8.931895014625694795e-01,3.997138338201231544e-01,3.066972080411553669e+00,3.375009821031769164e-01,5.547222604687813696e-01,-1.064229000180139550e+00,-1.073621552387540312e-01,1.099924792317771738e+00,2.629048762540018735e+00,1.208627329841097220e+00,1.004572202244495394e+00,-4.849793211563508954e-01,1.042131031402907082e+00,-9.534085689004813124e-01,-1.842873197096758675e+00,-2.594043884491979757e+00,-1.413082013845287088e+00,3.394731569525100134e-02,-2.010015981836517529e+00,-1.704289428565280984e+00,1.071252629705484072e+00,1.908826901539820708e-01,-1.991505175695398311e-01,-3.064955117390558703e-01,-3.190669408724811973e+00,-3.467588841709724257e+00,-2.104824158230989894e+00,-1.250727889136312498e+00,-2.837373393208111771e+00,-1.735820868040253373e+00,-2.941213312289064685e+00,-3.604159391227494957e-01,1.488862259861467141e+00,1.232404004726712632e+00,1.758162837948374468e+00,1.717655782595545411e+00,-2.781312553451353864e-02,-1.058135895255398751e+00,-2.924213615163442803e+00,-1.032182287519481267e+00,-1.821892444608569805e+00,-2.435171483867754283e+00,-2.259246248071353325e+00,-3.438997012476981752e+00,-1.280204346516113478e+00,-2.561279391644924353e+00,-2.234746144335046480e+00,-2.464585449206665224e+00,-1.267444407996064282e+00,4.814649957742727082e-01,-2.633275042974070779e+00,-3.800243407563771214e+00,-1.738159207754736757e+00,1.786745542785037610e+00,1.368945714634487221e+00,-9.108218987508176490e-02,1.523258181628092400e-01,-4.244160161197673697e-01,-8.791402709676484628e-01,-9.478396602228331691e-01,-1.949098056119253020e+00,-2.002520936828406484e+00,-4.502426578394070900e-01,1.149564676856775325e+00,2.439670105254178267e+00,2.123831127230687787e+00,2.448009860940225657e+00,-7.914752472063355526e-01,1.349614216475145900e+00,-3.847703445548945611e-01,-6.020246590331534975e-01,-1.385755449645497128e+00,-8.818219920250548460e-01,-2.616566940770301275e-01,-6.169742419134498501e-01,3.599942845190806096e-01,-9.278153609732686657e-02,1.047441815627188966e+00,1.702320811956554492e+00,1.227834816289859132e+00,5.246869929731283744e-01,1.587847705940333976e-01,-1.857794130588067194e+00,-9.165987788001203063e-01,-8.737244892541152774e-01,2.655149519157180560e-01,2.011561604950285798e+00,1.754349905123721465e+00,3.287562318125278882e-01,1.689530958489612322e-01,3.009145666453297285e-02,3.556778568834603194e-01,2.859459306211227236e-01,4.116047186775802502e-01,-3.712886085726945784e-01,1.307671127488561957e+00,5.746944555133598476e-01,1.461198239758124018e+00,2.274460288718511691e-01,8.403127180955277664e-01,-1.433609292280704217e-01,-2.515957641716061732e-01,4.895744654772860027e-01,7.243571204926857465e-03,5.219757431226564881e-01,1.478798951932957406e+00,2.248041786906608941e+00,2.619076999041094478e+00,2.193511802864906990e+00,8.261437596106192549e-01,9.051097631784865705e-01,8.032941772456750895e-01,-1.787620182320404094e-01,1.432732118642705776e+00,1.491591868224982242e+00,2.675733760369410241e+00,1.227426952044797792e+00,7.312985098837321285e-02,7.993506177214680652e-02,9.176872074752785435e-01,-1.372091564336356262e+00,-7.938524327492340049e-01,-5.927003615043391349e-02,5.985436385829214778e-01,2.521975433399039068e-01,9.088266620106669746e-01,2.210534128982048596e+00,1.120522702187207287e+00,1.594010932064894304e-01,-1.235486847396967125e+00,-2.264318155938593868e-02,1.789193943278772458e+00,-2.907489580308020294e+00,-2.634711236192694095e+00,-2.431791605337667583e-01,4.983707987870629186e-01,-2.621988694234411721e-01,-1.815822455253308376e-01,1.732680568572302571e+00,7.345265723941275526e-01,1.752755876053032180e+00,2.644825605317551176e+00,-8.814918380073881732e-01,-8.097562962130044895e-01,-1.526496010167918582e+00,2.668235967758593175e-01,5.958106246961261121e-01,1.863993027670056979e-01,3.041918467159718364e+00,-6.032188389908050841e-01,-6.148940121659048907e-01,-2.717418068319849223e+00,4.575699964262274211e-01,1.879122298018180981e-01,-2.435006511922611416e+00,-1.497861108741850522e+00,-3.634387177757814058e+00,-2.923576571306702121e+00,-2.522983220454830811e+00,-3.290617970514481350e+00,-1.372733056407509755e+00,-1.053870694922123041e+00,-1.208703491268274588e+00,-1.625855564200759940e-01,1.840416989787788005e+00,3.534340962907759565e+00,-1.844980124425025236e+00,9.156077293533182448e-01,-2.251747821332096278e-01,-3.389379052215155674e-01,-1.218277493650491983e-01,1.192950845350780609e-01,8.321946426588430201e-01,-3.542074624910132030e-01,1.923196731171661789e+00,-1.063766981374747234e+00,2.410213774197822012e+00,-2.603050494037563389e+00,1.952018782253882367e+00,-1.841088358821901139e+00,7.957818506580481843e-01,-1.006327763129045705e-01,-3.303272618277179606e-02,-4.390008889717192941e-01,6.880891108866524775e-01,-7.558079067454283040e-01,8.748635242128757206e-01,5.951046561872512797e-01,-1.371604693139839792e+00,9.944298659774856164e-01,2.041358051397628159e-01,8.570235335482306871e-02,1.085509794795970206e-01,-1.148367673953328144e-01,-5.472806672912172710e-01,3.100689498004184363e-01,-2.920860575793901570e-01,-4.033834920282395320e-01,-7.510295165565343822e-01,3.921847918979970982e-01,2.387162139036418940e-01,-5.198237680984580944e-01,1.063733221526956374e+00,-3.589102672589816745e-01,-7.655312156960580872e-01,6.280607491964140809e-01,-1.014378028087886019e+00,5.201342901879129066e-01,-6.263984771285030506e-01,1.334278378455642233e+00,8.747237803870708817e-01,5.883057545673257005e-01,-5.027011868945465700e-01,-4.135829534990786982e-02,1.108843754152170069e+00,-2.277123349811129849e-01,1.270698992931034166e+00,-1.036032491319483828e+00,1.572926431224193067e+00,-1.572395309749705650e-01,-4.541401211825198403e-01,3.746914912938561493e-01,-1.564288819169365463e-01,-7.469693266257712572e-02,5.997168099016945142e-01,-1.154138400398937891e+00,4.727978902406120842e-01,-4.153722784169400772e-01,7.496156021288696847e-01,-6.693032849010545071e-01,1.790669588209280239e+00,-7.296500811663206854e-01,-2.536236642813629594e-01,2.974235870467551446e-01,-3.186313844635400017e-01,-3.662423536907021826e-01,-7.587638326256573862e-01,1.312881487737738162e-01,9.392324513760028637e-01,-7.383460848070168003e-01,8.602965427061242121e-01,-6.616288133984016273e-01,6.009420934749321042e-01,7.669779198829218547e-02,4.605037414834143306e-01,-6.889868422941498594e-01,5.191324527737657402e-01,-7.923712689566146938e-01,7.206124921719695431e-01,3.165887734375170126e-01,-1.878821850997573761e-01,-7.116110285100742949e-01,8.151381410678489869e-01,-1.940438522095438989e-01,3.996332462862582924e-01,-7.873152258805593551e-01,7.834575155185552475e-01,-1.183826249662637720e+00,4.344428864083795805e-01,-5.662889431984181599e-01,-1.595915445612268169e-01,-3.259308557738451739e-01,4.418001002621518847e-03,-5.902637981685953106e-01,9.335764076902253183e-02,-8.214363919528762104e-01,6.429919550131852901e-01,-1.149369281450324021e+00,1.761738495625730927e+00,-8.819969106919793855e-01,-1.076720647056064850e+00,3.899350841489954145e-01,-2.671756169477410570e+00,-1.310319062158527004e-02,1.200910506710251291e-01,-9.712235303688669663e-02,2.096096177105374991e+00,4.471670710881663346e-01,2.280776607480804685e+00,2.089635060575003145e+00,2.728868043451973868e+00,1.482289770260340145e+00,1.480919026903671387e+00,2.445503582019061817e+00,2.740771470614338234e+00,2.096955328446174605e+00,2.135873781532606319e+00,7.995626966522625390e-01,1.139693885395933748e+00,8.996249801297135917e-01,1.214188186509823630e+00,4.283334354747040940e-01,-4.010792492021607591e-01,-1.358955117189968975e+00,-1.144560073612141959e+00,7.042088758980655783e-01,-4.749487147927983210e-02,-4.934137516253601641e-01,1.389002595891346559e+00,-1.292095269117000456e+00,1.532676120654557383e+00,-3.180740791444840454e-01,-7.670437288261739983e-01,-3.403354063797635609e-01,-1.867419707138016638e-01,-5.353409694891170939e-02,2.407121945752856096e+00,2.010760425200593726e+00,1.311940362890654743e+00,-4.712132395410959518e-01,-2.590245261703495228e+00,-6.490495171180418188e-01,-1.280150909364578538e-01,-6.365859735987979828e-01,1.252999640582574514e+00,3.164457095280468479e-01,-2.038438888030721374e-01,-8.395734117317044110e-01,3.858170588484878261e-01,-1.175612655887238622e+00,-8.974593051262518273e-01,-2.022893411820795073e+00,-2.095741767670218358e-01,-2.063777709329950305e+00,-1.396431463191038613e+00,-1.060250589757532058e+00,2.551289419323011787e-01,-5.116531082267030683e-01,-4.174940486729926126e-01,-3.924302247317494885e-01,-1.947210059571374552e-01,1.710396327695103968e+00,-1.903892223952253548e+00,-3.399470794019313402e+00,-2.927195665176573591e+00,-1.121565662260304519e+00,-1.697639165577848885e+00,-2.402011323179752411e-01,-1.792659120379766380e+00,-1.506849918166945912e+00,-9.725844366701719146e-01,-1.456503872499917751e+00,-2.094066488687640337e+00,-2.773367038758703274e+00,-4.002887602355416519e+00,-1.147521776364470281e+00,-9.340568646534411767e-01,5.035660603406668656e-01,-1.842143873246407937e-01,1.157745425531710559e+00,2.672585944648883105e-01,1.351316485022072245e+00,2.490338658160893726e+00,-9.725582293016008517e-01,-1.332803469737907420e+00,2.838782201496158342e-01,-9.525790627182155745e-01,-1.223729789919966393e+00,2.207612299779980525e+00,5.563655456239821051e-01,9.553665705393294960e-01,-1.309271670739838189e+00,-2.409072713801863053e+00,-5.151550882010502264e+00,-6.784900416802575052e-01,-1.806391314467506559e+00,-8.753964280753753213e-01,-7.815307545769462072e-01,-3.141807545771354349e+00,-4.772008295405742118e+00,-2.415346834652670971e+00,-2.033982715870739977e+00,9.895361066919596826e-01,-2.205078779028224911e+00,-1.222517119324575630e+00,-1.890938931942578005e+00
1.369925228840775944e+00,-5.517865320809051122e-01,-1.747665623370817656e-01,1.802930332205555430e+00,-1.417171120168744025e+00,-6.780558988675156051e-01,1.238027172162320610e+00,-2.127924139511217838e+00,6.993063181539704853e-01,-5.232171353758799937e-01,-7.173714615989998933e-01,2.283258186984736149e+00,-2.116190084105605163e+00,-1.009062082635152402e+00,1.219028423584295862e+00,-2.041045769557116030e-01,-1.590678078280109098e+00,9.901901385280069690e-01,2.287422669682162457e+00,-3.238224111414498729e+00,-3.596738738216709308e-02,-1.500695536587547840e+00,-2.016610896866933622e+00,1.863307267361494102e+00,-1.395870691508270145e+00,1.002467497651347017e-01,-2.351655927195793527e+00,6.526604603664988291e-01,-9.724309882598181076e-01,5.410833001484651739e-01,-1.020574430645548425e+00,1.329058417745066611e+00,-7.658120798879619606e-02,-3.557587681690688175e-02,-6.394826333141656605e-01,2.930080179721889611e+00,-3.200489849228705275e+00,2.889799546184774748e+00,-3.826614119390095325e+00,1.971940932151443171e+00,-1.252387976026985594e+00,1.992354816252078553e+00,-1.047780428147432774e+00,1.001625616283447595e+00,-1.192750936644574100e+00,3.333767103276898069e+00,-1.438487736886244983e+00,-1.574872896756432716e+00,1.171718124716450760e+00,-2.446147166272981122e-01,1.697568696733762206e+00,-2.506699497161473111e-01,-1.154784879363858874e+00,1.724206288130292419e+00,-6.319981569033594759e-01,2.629748163951543205e+00,-8.269320070592618421e-01,-2.241550063825360484e-01,-8.950010859853800849e-01,1.373842775206143507e+00,6.397917350181614449e-02,-3.895691921684051873e-01,-1.436294057251454204e+00,-7.512211071397669748e-01,-9.230910184835614540e-01,-1.318532988147829155e+00,-9.834539280255477633e-01,-5.113364382594189905e-01,-3.102859901783283081e-01,-1.713054364688494813e+00,-5.632796299367659465e-02,1.546327234847374221e+00,1.335514265471063666e+00,1.142386919550252733e+00,6.610477504462982656e-01,1.655724894657702784e+00,1.263498642013923590e+00,8.356550853813432544e-01,-6.665458795363199407e-02,1.846734541595400347e-02,-6.639373413748750341e-01,-5.874345440422601428e-01,-1.771605996859681564e+00,-1.185575243316199900e+00,-1.195858522439113170e+00,2.094895324824688210e-01,2.232045351559328039e-02,5.853569624024566043e-01,-4.291223462107693343e-01,-2.201294430678035485e-01,2.250402701111373638e-01,8.676005627286405009e-01,1.092517489182126544e+00,2.511259243091912285e-01,4.330943810989861809e-01,3.915946381957298161e-01,-3.067146615905375073e-01,-1.799767763118263475e-01,-5.179657267882413485e-02,2.572591421967291292e-01,-3.865576902298051287e-02,1.346993626172546366e+00,8.075129634568756209e-02,8.819856232398182172e-01,2.107427055715140884e-01,1.679313849512396262e+00,2.005764811762127398e-01,-1.412770997487461155e+00,-1.920973689717557775e+00,-9.350113811866911373e-01,-1.134970029865240093e+00,-1.591543695962374994e+00,-1.003774209778308890e+00,-3.184109666640844161e-01,8.118029774279296173e-01,1.513397850816224688e+00,-3.543772809361644960e-02,9.404641524477422854e-01,-2.472850775022159553e+00,5.401394732059583426e+00,-3.631042671700532409e+00,1.687190222522015670e+00,-3.248318103549596714e-02,1.507800739310035887e+00,7.740352019620688750e-01,2.729201098454369312e+00,6.505732428053663252e-01,-1.048710462809003374e+00,2.733561243668611418e+00,-1.827709979912908844e+00,1.403593872231208906e+00,-3.928369402321057802e+00,3.376839981677329128e+00,-2.285449691890068635e+00,-4.284771004912497627e-01,1.875934760446428484e+00,-1.237136915607719878e+00,1.472893388251483637e+00,-6.628741306748124895e-01,1.350236448548410184e+00,-2.432000304538706636e+00,2.724087068629639230e-01,1.406575046680294871e+00,-7.037047748428153504e-01,8.592180166572117583e-01,-4.704226835823481778e-01,2.140727628283725981e+00,-2.162584908994369393e+00,-5.561498794972823401e-01,-7.017237125113406915e-02,1.052022320691126528e-01,1.967944724100459120e-01,-1.093652232158847326e+00,-2.154844481144452928e+00,-7.787260998127196743e-01,7.364358224525580088e-01,-6.128948935004108201e-01,1.031510015862714180e+00,2.543392718965816535e+00,-6.066291746934736606e-01,1.485146694004086276e+00,-2.818688456515643370e+00,3.420676849569495026e+00,-1.491313532457198443e+00,-4.719517078477896144e-01,1.123908272230996985e+00,-1.061386518282646962e+00,8.796804349755237284e-01,1.087046808422417854e+00,-2.301663317225984606e+00,1.266761741020017595e+00,-1.377657926067790140e+00,-2.940074121152484565e+00,1.313851663420318339e+00,1.481678712741771875e-01,2.049518900052150538e+00,8.099405324015609420e-01,9.490043389954525566e-01,2.210246398679476254e+00,1.381089122800473579e+00,2.138166284941456219e+00,3.564030645689603816e+00,2.788060893188327505e+00,2.283544097950295892e+00,2.486419905934418750e+00,2.092739554915167943e+00,8.534825749046413002e-01,3.690718116081768141e-01,7.641776333372427010e-02,4.293512389209078739e-01,-2.811177267497561028e-02,6.459861244884341769e-01,-6.443705007794019446e-01,2.060211735045907044e-01,-4.577646561931932867e-01,-6.176160995491356553e-01,1.178361410380581176e-01,-1.437602084294719251e+00,-2.877104659272394782e-01,1.117308609879943404e-01,7.270621448907015338e-01,-4.090694459585586529e-01,-1.077013402037103162e+00,-7.882531181933177811e-01,-8.567884642804428630e-01,-9.636973280284273358e-01,1.500666116453639454e-01,-1.319734681432035428e-01,-2.052760067535100430e-01,-1.058032045042918812e+00,-9.404306373164205146e-01,-1.215039587220034800e+00,-7.682880870061015166e-01,-1.844670215091406495e+00,-9.444533988182961526e-01,-7.176563869268749452e-01,-9.648392744319093106e-01,-1.249648852590246051e-02,6.310980118068966194e-01,7.986727163760537485e-02,2.360856624372632551e-01,-8.361710761523238888e-02,-9.380842779019622490e-01,-1.264010503832097676e+00,1.050971261623265818e-01,2.623859750630151422e-01,5.691916970192989478e-01,9.634236235911713964e-01,1.502549299317012199e+00,-3.136849254657589903e-01,2.651727768107873806e-01,-5.251461361634995884e-02,-9.511348012132134766e-01,-5.543612040115171169e-01,-6.373627303286866219e-01,-1.437506326627247200e+00,-4.624521195751346569e-01,-2.019346276030504761e+00,-1.315296884488820872e+00,-2.379723597636306920e+00,1.621735914236116516e-01,-2.151889714800748976e+00,1.117070195408110367e+00,-2.884370670739761611e+00,9.748823919410243288e-01,-7.376363224629428617e-02,-2.095921188512362754e+00,2.033769806609451614e+00,-2.803057688317030838e+00,-2.797079797385129574e+00,5.000087544557111130e+00,-1.965924800520622018e+00,4.583393596530256908e-01,1.485524033625866380e+00,3.981835376399189830e+00,9.477163343325316625e-01,-1.221615617500159123e+00,-2.671509997570442607e-01,-9.043356411501395353e-01,1.550148785050079692e+00,-3.470366671248878987e+00,-6.904473396820201003e-01,-5.030470690969661707e-01,1.327655980527520097e+00,-1.681242368304157186e-01,7.433135303572556696e-01,-7.477102979833241125e-01,1.236116669081696262e+00,5.046063982871340503e-01,-2.941562515292758473e+00,-4.397213623665410243e-01,9.128592264367317854e-01,-2.041405535755412171e+00,2.004497030432229376e+00,-4.583784584407004203e+00,4.791523185095991622e-01,-1.280446868004860406e+00,2.031947360633714617e+00,-1.109838272863070241e+00,1.938513793532872898e+00,6.431769700378379140e-01,-1.833064547644738029e+00,2.608247249018405434e+00,-1.196206399933120945e+00,5.378705033733773844e-01,7.579028113506727227e-01,-4.622227930715200328e-01,-8.858781564126936292e-01,-1.753300351229675869e+00,-7.494620501115649702e-01,-5.449839803525263759e-01,2.185095831033846192e+00,1.771707559158547829e+00,5.790771163297040447e-01,9.929049283120923164e-01,-6.282716182291182561e-01,-6.514204264772277542e-02,1.767273391850740172e+00,-7.279958334897472794e-01,1.479315754978528297e+00,-4.976471881664250030e-01,6.585173896996666665e-01,-1.168672011207191552e+00,-3.229222996960875447e-01,-6.439573468873478479e-01,-3.886059568551010202e-01,-2.815557153744114305e-01,7.391151047245514416e-01,2.689216804892069490e-02,-1.402078747741040576e+00,-9.066568792825654421e-01,-1.086017617406792590e+00,-7.760227281901773688e-01,4.189033473635610516e-01,-4.679871179983841056e-02,-1.233584461522576392e+00,-6.026642029638273890e-01,-5.515130936581331689e-01,-1.275726845591940606e+00,-8.303608796230758093e-01,-1.666416574409236517e+00,-7.244537388285182677e-01,-8.454621485691367067e-01,2.784307071454750204e-01,-2.622964283894418380e-01,-2.764714293310741033e-02,-1.272708864179501465e+00,-4.919641969907043721e-01,-5.407760804339557525e-01,2.302471302972436407e-02,4.071862560856805424e-01,1.194418965419725032e+00,-5.160300743982104699e-02,-2.810774190522301597e-01,-9.639933376188239422e-02,-7.595182703918310629e-01,-6.267908638264766408e-01,-1.406766235101609697e-01,-4.113017226631772716e-01,2.738259705030792746e-01,-2.014834513440992014e-01,3.696301665317163199e-01,-3.518113900158306717e-01,-6.493266152722387829e-01,-1.109645283218260836e+00,-1.833135317635077977e+00,-9.553005974996428007e-01,-9.092233545190721022e-01,-2.031578028792537793e+00,-1.164190649501542385e+00,-2.175215954310912636e+00,-1.654450693977160158e+00,-2.019010947325377003e+00,-1.790291088746500447e+00,-1.392873785325143832e-01,9.814775153821633236e-01,4.802854880436107643e-01,-6.946103228170859012e-01,-8.973112734148031011e-02,-2.412501379342407715e-01,6.220201505076459192e-01,1.164299491632619254e+00,1.311757976573634465e+00,3.248466092516669734e-01,9.177630543504240457e-01,4.948888287225357008e-01,-8.996954153801756116e-01,-9.108113800030772644e-01,-7.121652529559385769e-02,-8.787227078917492218e-01,-1.868177763018601389e+00,-1.334487054102475589e+00,-8.152971388849821199e-01,-2.943313802053766914e-01,-1.900472374370086870e-01,-1.019792589738210076e+00,-6.257370936891101243e-01,-1.070682809756224207e+00,-2.038517150155339408e+00,-9.919295239048186996e-01,-1.109624009399956757e+00,-7.311033514809908151e-01,-1.334300012038856842e+00,-1.256673889616153117e+00,-5.607501681616007261e-01,-1.596476232142536755e+00,-9.746299524257644453e-01,-1.008373861221652179e+00,3.849606081915986078e-01,1.935916728032595624e-01,8.454432346729933156e-01,1.959727826748597357e-01,-1.717935004895379869e+00,-1.805398466943913593e+00,-1.266934604959738753e+00,5.406351227881240895e-01,5.812260188304528841e-01,-1.073490474101164160e+00,-4.403705419175434899e-01,-6.923445132661926182e-01,-5.806968468601504396e-01,-9.358831091276338388e-01,-2.077977465840715743e-01,6.989941246783187845e-01,2.223844882452578275e+00,1.758652905314215475e+00,1.693387634158700639e+00,5.650865603646036961e-01,1.017856233476472916e+00,6.500031256005848190e-01,1.581714337967825124e+00,1.009169214681811644e+00,1.698997237857642562e+00,2.155943822377109687e+00,7.576497366832486424e-01,1.626108007650818088e+00,1.633688104023652166e+00,1.801330025816416658e-01,9.193235457046709802e-02,-8.598789739900278839e-01,-1.897795855961337264e+00,-1.624578011079940154e+00,-1.624720534623244284e+00,-5.732237726384271648e-01,-8.834907565704523957e-01,-1.978442641788628054e+00,-1.364288914830060317e+00,-9.409987407514734947e-01,-7.447982553500355207e-01,-3.852848191793109001e-01,9.639598715996051670e-01,-3.316010127120291306e-01,-5.801142774441400696e-02,1.271283980297958305e+00,1.464215242643941428e+00,1.357434208541234089e+00,2.224986815094770698e+00,2.179568745533901453e+00,2.179065179684413156e+00,3.131627186244617889e+00,2.989124442877443055e+00,1.809373322357087588e+00,1.240327967777487217e+00,9.659099849296053364e-01,6.517846304827752402e-01,1.131189408870648450e+00,6.283953132646218354e-01,7.158064108507927736e-01,-3.807895084294682375e-01,8.163568009725368224e-01,-6.493752232598066776e-01,-9.907357661922366887e-01,-7.357830598498592556e-01,-1.130108210107970690e+00,-1.430812314382316153e+00,-5.997594262190607539e-01,5.351289584637097807e-03,-1.284618135522139548e+00,3.197391725494018733e-01,6.309536329219675999e-01,5.073660650659607141e-01,-1.756367978070000335e-02,7.728579339870614850e-01,-2.158303910750765109e-01,-1.478731905573541727e+00,-1.877434587246657127e+00,-1.421230081005323109e+00,-1.320174470887694795e+00,-5.831606667911783948e-01,-1.030416777669256101e+00,-8.030212113277033215e-01,-9.659154609626874333e-01,-2.319526038977846483e+00,-3.955820383663350981e-01,1.038338607637594446e-01,4.109548878421852569e-01,1.248689170399928994e+00,2.203113912745040537e-01,2.502132032766747338e-01,-1.191638997995968730e+00,3.346928677963814103e-01,-4.924715692529482713e-01,3.630945918272809880e-01,2.737801404287173446e-01,-1.411094996722024542e+00,-9.043312950689406104e-01,1.155005669816426828e-01,-3.845127991386984578e-02,-5.226369633063074893e-01,4.034291520712797730e-01,1.070972619255469160e+00,5.076269272514307707e-01,8.575533450154337878e-01,8.112449929710908725e-01,8.782498736661266125e-01,5.784722271660660553e-01,-5.858146225996145873e-01,-4.810765580909115990e-01,-1.278539779102286111e+00,-7.432158364524625860e-01,7.983204396370072731e-01,1.031500015975493012e+00,6.161654177494031437e-01,8.349524179190606077e-01,-1.446453431602690021e-01,-5.817731115939935860e-01,1.149512133516396695e+00,8.871909827774843160e-01,8.673254417781897097e-01,1.306790796737711702e+00,2.766564703595996155e-01,1.299992862052555376e+00,1.854263745770843297e-01,7.375305770763016522e-01,-2.256079922442644214e-02,4.432144796102404638e-01,1.514529805118808303e-02,4.377295802503826383e-02,-3.254374750796437676e-01,6.474913327597336954e-01,7.024933180878610850e-01,-2.216125231801820694e-01,3.306516755603850388e+00,3.224487026091042985e+00,2.239232332483248822e+00,1.971616913589976150e+00,9.084487486662700118e-01,9.528740927825075646e-01,1.116261100235427683e+00,4.077078397624945838e-01,-1.351307689692383129e-01,-5.124357186818249144e-01,-3.320055626102547119e-01,-2.598350988572170617e-01,-1.206986800661014325e-01,7.441668120449476675e-02,7.963453232176476160e-01,-6.009513357834432856e-01,9.591511266330027263e-02,-3.156302684230198885e-01,-1.069297021716242746e+00,-1.621386415934443548e+00,-1.384342277440821167e+00,-2.024102454147896246e+00,-1.371627072433078576e+00,-1.038787537262910732e+00,1.931201514214104797e-01,8.677829733061934725e-01,4.407555061173064614e-01,1.442157153901175437e-01,-8.350412881793188580e-02,6.768814626183932148e-01,7.855488614571286554e-01,5.987309076706315292e-02,1.667342278177969872e+00,-2.756000444347448841e+00,3.530896242558513309e-01,5.100022846369085094e+00,6.769709468840976463e+00,2.442356577729529743e-01,1.840511222853016493e+00,-2.645552619048458620e+00,-6.134554929993628614e-01,1.878908091562205174e+00,7.824083227307626620e-02,-3.859827737485079791e+00,-5.003374370297710705e+00,7.052515236933051268e-01,3.409724043596799592e-01,-1.061601393843923047e+00,-7.796200812272339187e-01,-2.520719241651113940e+00,1.859189138883876824e+00,-3.220063099801174999e+00,2.328779086766036954e+00,2.722061785532445377e+00,4.314754642226104053e+00,3.235985179019201130e+00,-5.004093817913229936e-01,6.634469474703220682e-01,4.837011031796638605e+00,1.772722602393948632e+00,1.803208727228373887e+00,1.273002501087437732e+00,9.725349332921942036e-01,1.030521551968412552e+00,1.508594379453363388e+00,9.115226787395506181e-01,4.741304121026143070e-01,8.191829919712587671e-01,1.065547505729053324e+00,1.189542108532840148e+00,7.097313987934462665e-01,1.374705192582493130e+00,8.891640783339536114e-01,8.072137084021666631e-01,5.930300246459727642e-01,4.915803508047593695e-01,-7.134398598245041967e-01,-1.555037737619016092e+00,-1.098126130653584109e+00,-1.566377511295760749e+00,-1.722848993557706931e+00,-1.751810030378400551e+00,-1.339466921724336901e+00,-1.851624656543962688e+00,-2.235274249262160229e+00,-1.766747622332517365e+00,-1.949237225835604326e+00,-5.413571829588668116e-01
